0.1	0.23073768547450144
0.12000000000000001	0.25321594985712814
0.14	0.27296203625897786
0.16	0.2907427144391025
0.18	0.3070545776317446
0.2	0.32223360866910017
0.22	0.33651654917582374
0.24000000000000002	0.35007609945645085
0.26	0.3630419505038769
0.28	0.3755138779776218
0.30000000000000004	0.3875702043167105
0.32	0.399273450435657
0.33999999999999997	0.4106742205131895
0.36	0.42181394017299817
0.38	0.4327268294070683
0.4	0.44344135191880335
0.42000000000000004	0.4539812982931466
0.44000000000000006	0.46436660807882024
0.45999999999999996	0.47461400252876806
0.48	0.4847374779973089
0.5	0.49474869550032463
0.52	0.50465729209692
0.54	0.5144711329367431
0.56	0.5241965180208216
0.58	0.5338383542916526
0.6	0.5434003011717252
0.62	0.5528848958228351
0.64	0.5622936630079307
0.66	0.5716272133701846
0.6799999999999999	0.580885333108615
0.7	0.5900670673620011
0.72	0.599170799068416
0.74	0.6081943246156167
0.76	0.617134927216649
0.78	0.625989448621304
0.8	0.6347543594984775
0.82	0.6434258285914831
0.84	0.6519997905548681
0.86	0.6604720122254711
0.88	0.6688381569613696
0.9	0.6770938465990088
0.92	0.6852347205299325
0.94	0.6932564913822804
0.96	0.7011549968059039
0.98	0.7089262469001172
1.	0.7165664668855826
1.02	0.7240721347018231
1.04	0.7314400133042906
1.06	0.7386671775345913
1.08	0.7457510355393587
1.1	0.7526893448127525
1.12	0.7594802230306574
1.1400000000000001	0.7661221539280872
1.1600000000000001	0.7726139885426406
1.1800000000000002	0.7789549422045501
1.2000000000000002	0.7851445876971334
1.2200000000000002	0.7911828450403088
1.2400000000000002	0.7970699683648709
1.26	0.802806530347578
1.28	0.8083934046682503
1.3	0.8138317469317449
1.32	0.8191229744716836
1.34	0.8242687454209873
1.36	0.8292709373983884
1.3800000000000001	0.8341316261217304
1.4000000000000001	0.838853064219465
1.4200000000000002	0.8434376604725262
1.4400000000000002	0.8478879596806778
1.4600000000000002	0.8522066233112884
1.4800000000000002	0.8563964110548379
1.5000000000000002	0.8604601633807122
1.52	0.8644007851591927
1.54	0.8682212303911376
1.56	0.871924488065611
1.58	0.8755135691475856
1.6	0.8789914946826394
1.62	0.8823612849930812
1.6400000000000001	0.8856259499299284
1.6600000000000001	0.8887884801373915
1.6800000000000002	0.8918518392807079
1.7000000000000002	0.8948189571840789
1.7200000000000002	0.8976927238228612
1.7400000000000002	0.9004759841127974
1.7600000000000002	0.9031715334387619
1.78	0.9057821138660411
1.8	0.9083104109783875
1.82	0.9107590512888578
1.84	0.9131306001716257
1.86	0.9154275602654273
1.8800000000000001	0.9176523703019778
1.9000000000000001	0.9198074043155077
1.9200000000000002	0.9218949711924228
1.9400000000000002	0.9239173145229697
1.9600000000000002	0.9258766127196221
1.9800000000000002	0.9277749793696662
2.	0.9296144637921373
