0.1	0.18053353595041924
0.12000000000000001	0.20345963667913336
0.14	0.22594191334342487
0.16	0.24787835095201805
0.18	0.269242678875971
0.2	0.2900370144633093
0.22	0.3102741070686057
0.24000000000000002	0.32997017124292916
0.26	0.34914188528185
0.28	0.36780514662031766
0.30000000000000004	0.38597460367924685
0.32	0.40366353905854985
0.33999999999999997	0.4208839109359909
0.36	0.437646462126625
0.38	0.4539608537040878
0.4	0.46983580276862047
0.42000000000000004	0.4852792150314795
0.44000000000000006	0.5002983083512321
0.45999999999999996	0.5148997260306531
0.48	0.5290896399439378
0.5	0.5428738441051921
0.52	0.5562578394654698
0.54	0.5692469107215893
0.56	0.5818461958326944
0.58	0.5940607488212138
0.6	0.605895596310589
0.62	0.6173557881368856
0.64	0.6284464422723564
0.66	0.6391727842194794
0.6799999999999999	0.6495401809752934
0.7	0.6595541696279745
0.72	0.6692204806298414
0.74	0.6785450557919446
0.76	0.6875340610632268
0.78	0.6961938941895801
0.8	0.704531187392196
0.82	0.7125528052572934
0.84	0.720265838087225
0.86	0.7276775910226343
0.88	0.7347955693032902
0.9	0.7416274600882254
0.92	0.7481811113009571
0.94	0.7544645080005136
0.96	0.7604857468019839
0.98	0.766253008880315
1.	0.7717745320877867
1.02	0.7770585826993854
1.04	0.7821134272722099
1.06	0.7869473050665816
1.08	0.7915684014296711
1.1	0.7959848224893278
1.12	0.8002045714487124
1.1400000000000001	0.8042355267134776
1.1600000000000001	0.8080854220247284
1.1800000000000002	0.811761828714608
1.2000000000000002	0.8152721401486434
1.2200000000000002	0.8186235583710928
1.2400000000000002	0.8218230829273084
1.26	0.8248775018010162
1.28	0.827793384374645
1.3	0.8305770762972756
1.32	0.8332346961271784
1.34	0.835772133603798
1.36	0.8381950493968384
1.3800000000000001	0.8405088761772193
1.4000000000000001	0.8427188208554119
1.4200000000000002	0.8448298678364026
1.4400000000000002	0.84684678314662
1.4600000000000002	0.8487741192960667
1.4800000000000002	0.8506162207480512
1.5000000000000002	0.8523772298789132
1.52	0.8540610933205677
1.54	0.8556715685892513
1.56	0.8572122309142703
1.58	0.8586864801906562
1.6	0.8600975479892314
1.62	0.8614485045666236
1.6400000000000001	0.8627422658261314
1.6600000000000001	0.8639816001880245
1.6800000000000002	0.8651691353348326
1.7000000000000002	0.866307364803451
1.7200000000000002	0.8673986544014818
1.7400000000000002	0.8684452484301801
1.7600000000000002	0.8694492757007066
1.78	0.8704127553341671
1.8	0.8713376023391708
1.82	0.872225632963423
1.84	0.8730785698182271
1.86	0.8738980467767445
1.8800000000000001	0.8746856136485069
1.9000000000000001	0.8754427406340073
1.9200000000000002	0.8761708225642868
1.9400000000000002	0.8768711829312777
1.9600000000000002	0.877545077715325
1.9800000000000002	0.8781936990167938
2.	0.8788181784990149
